ret: 1.282713555377897
mtx:
 [[3.29427124e+03 0.00000000e+00 1.43579443e+03]
 [0.00000000e+00 3.23378163e+03 2.01052753e+03]
 [0.00000000e+00 0.00000000e+00 1.00000000e+00]]
dist畸变值:
 [[ 0.22513564 -1.45098611  0.00600481 -0.0070994   3.15198744]]
rvecs旋转（向量）外参:
 (array([[-1.02458269],
       [ 0.07298978],
       [ 0.06757622]]), array([[-0.25911131],
       [-1.25872287],
       [-2.3469236 ]]), array([[-0.32454867],
       [ 1.44233832],
       [ 2.26945658]]), array([[-0.09011045],
       [-1.34225295],
       [-2.81592483]]), array([[-0.10680623],
       [-1.58422694],
       [-2.69511157]]), array([[-1.22985741],
       [ 0.0264127 ],
       [ 0.02724575]]), array([[-1.28266898],
       [ 0.01609868],
       [ 0.02884522]]), array([[-0.30653283],
       [-1.45672702],
       [-2.31654648]]), array([[-0.45490542],
       [ 1.54313617],
       [ 2.25840071]]), array([[-0.48783482],
       [ 1.46427931],
       [ 2.10133603]]), array([[0.40134842],
       [1.08356648],
       [2.47978846]]), array([[-0.6453677 ],
       [-0.56802408],
       [ 0.30559439]]))
newcameramtx外参 [[6.12577686e+03 0.00000000e+00 2.30290736e+03]
 [0.00000000e+00 7.02216406e+03 1.56375767e+03]
 [0.00000000e+00 0.00000000e+00 1.00000000e+00]]